0 0.559772 0.488757 0.111607 0.121032
0 0.415055 0.630622 0.105407 0.121032
0 0.484871 0.561177 0.125000 0.150132
0 0.456473 0.458333 0.109375 0.101852
0 0.388765 0.461806 0.088046 0.092262
0 0.372148 0.390212 0.081597 0.076058
0 0.325769 0.443948 0.071181 0.073082
0 0.639881 0.291832 0.108631 0.140542
0 0.559276 0.264716 0.085813 0.089616
0 0.782986 0.473545 0.097222 0.121032
0 0.854911 0.633433 0.100198 0.102183
0 0.930804 0.723710 0.124008 0.141865
0 0.847594 0.902116 0.154018 0.134921
0 0.717386 0.862103 0.110367 0.126984
