0 0.731978 0.492312 0.303241 0.166667
0 0.431713 0.577009 0.315807 0.132192
0 0.626488 0.718254 0.315807 0.221726
0 0.221396 0.288938 0.233135 0.143353
0 0.134094 0.334573 0.239087 0.124008
0 0.146991 0.446801 0.275463 0.144593
0 0.167163 0.557044 0.272156 0.136409
0 0.188327 0.740203 0.310516 0.221974
0 0.612765 0.359251 0.248016 0.140625
0 0.571263 0.173239 0.227844 0.101935
0 0.598049 0.253844 0.233135 0.133681
0 0.762401 0.203497 0.220569 0.107391
0 0.823909 0.305556 0.251653 0.168155
0 0.395833 0.178075 0.240741 0.147321
0 0.307705 0.100198 0.200066 0.104663
0 0.125827 0.047495 0.204034 0.094494
0 0.795470 0.709201 0.227844 0.140625
