0 0.421875 0.426753 0.110615 0.102183
0 0.530382 0.372354 0.104415 0.119709
0 0.583085 0.519841 0.125000 0.097884
0 0.472966 0.517030 0.113591 0.086971
0 0.201265 0.282738 0.119792 0.119709
0 0.168155 0.487269 0.095238 0.088294
0 0.079241 0.589286 0.101438 0.115741
0 0.238343 0.577050 0.099206 0.099206
0 0.650174 0.364749 0.092014 0.093915
0 0.607763 0.145668 0.178819 0.176257
0 0.829985 0.253803 0.139633 0.141865
0 0.562872 0.309524 0.167411 0.146164
0 0.330357 0.078208 0.157242 0.154431
0 0.239955 0.109127 0.162450 0.150132
0 0.399678 0.218585 0.107391 0.132275
0 0.333457 0.377149 0.113839 0.135251
0 0.767485 0.840112 0.130208 0.137897
0 0.886409 0.785714 0.125992 0.136243
0 0.625992 0.841435 0.111607 0.118717
0 0.616691 0.926091 0.132192 0.122685
