1 0.366567 0.653522 0.185516 0.136409
1 0.495205 0.604539 0.185516 0.121280
1 0.588790 0.519717 0.218585 0.139137
1 0.693452 0.472222 0.200397 0.115575
1 0.712798 0.639013 0.194775 0.112847
1 0.640212 0.748512 0.189153 0.130952
1 0.805556 0.734747 0.193122 0.150050
1 0.934524 0.638889 0.130952 0.129464
1 0.921627 0.525298 0.156746 0.127976
1 0.777116 0.849082 0.150794 0.103423
1 0.122189 0.313864 0.196759 0.126736
1 0.189153 0.443328 0.191138 0.101935
1 0.144180 0.550843 0.229497 0.113095
1 0.049769 0.619668 0.098876 0.121280
1 0.782738 0.395089 0.172619 0.096230
1 0.831349 0.291667 0.193122 0.104663
